137785.260000 40247.002628 48784.966072 25744.909730 5150.282204 12919.298720 
140025.960000 41432.275520 49091.528896 26317.648400 5109.614192 12733.989440 
155588.640000 41463.350360 49744.299328 26396.541020 5076.704504 13099.207280 
153877.560000 42277.232960 49115.098240 26984.850560 5137.631552 13220.971520 
144425.880000 41510.769920 48953.148640 26404.436960 5032.445888 12894.669440 
126948.420000 40696.892288 48428.443888 26073.922070 5050.177364 12640.198340 
138070.440000 40577.660288 49685.160832 26013.920240 5115.091592 12679.807520 
145322.160000 40778.148896 50298.543448 26173.174640 5043.027980 12702.076520 
127070.640000 40707.111464 49107.658120 25732.760540 4989.312740 12777.064160 
150496.140000 40524.947324 49016.210380 26231.344790 5005.652222 12826.754060 
146422.140000 40963.800572 49228.929088 26287.824770 5181.977378 13117.066940 
117211.560000 40299.601328 48318.103024 25672.839800 4999.767536 12614.078480 
148011.000000 40732.582400 49576.206400 26878.664000 5053.851200 13147.976000 
120796.680000 40294.792304 48323.230432 25690.469720 4988.444312 12628.801760 
149762.820000 41925.371876 49237.657036 25770.271820 5120.590412 12892.098560 
139007.460000 41519.424176 49587.459208 25786.647230 5091.292442 12736.486220 
148540.620000 41130.966320 49232.834404 26596.063760 5056.662728 13063.239140 
139781.520000 41402.229056 49435.501480 26447.983880 5048.752016 13020.789200 
144181.440000 41810.146568 49784.983936 25799.807660 5097.962324 12974.678720 
129474.300000 40493.373200 49209.743140 26065.863950 5004.996770 12814.927700 
134200.140000 40553.553068 48423.501736 26217.203330 5066.855894 12672.580040 
155792.340000 41627.291876 49606.615276 26386.120160 5223.925388 13112.626400 
139537.080000 41101.963136 49514.151616 26074.810880 5114.806400 12636.408320 
125074.380000 40624.103636 48333.987232 25742.047730 5022.230384 12758.734940 
145688.820000 40977.157040 49566.208552 25788.494810 5011.645232 13010.643740 
136277.880000 40985.433728 48844.457152 26034.361280 5021.841152 12701.216960 
136929.720000 40221.673280 49568.796160 25745.668160 5067.006752 12604.709120 
130044.660000 40323.278816 48777.511012 26000.910860 5026.009484 12741.291020 
121896.660000 40275.461816 48559.503544 25761.433010 5003.374664 12658.063460 
136807.500000 40889.260700 48709.686400 26014.777250 5023.824950 12952.274000 
123241.080000 40378.463360 48579.600832 25943.489600 5021.018624 12615.454400 
155384.940000 40587.015032 50050.530484 26902.832000 5256.066098 13030.804400 
116274.540000 40204.399544 48292.725940 25662.112070 4989.066716 12601.594580 
154814.580000 41652.824912 50741.875996 26150.084660 5076.178796 13330.700360 
124259.580000 40400.901332 48886.008280 25924.123400 5052.542744 12626.606840 
141777.780000 41137.360136 48426.059464 26122.043420 5175.686936 12873.142220 
149803.560000 42044.819984 49387.579936 26554.113200 5005.561952 13151.838560 
123974.400000 40355.883800 48820.750360 25731.797000 5005.542980 12653.830400 
132489.060000 40959.699488 48656.087656 26034.739700 5096.597258 12756.619580 
115744.920000 40220.759168 48286.466080 25663.471520 4989.432080 12592.060640 
129474.300000 40863.588560 48389.178580 25873.871450 5006.685890 12739.579700 
152370.180000 40823.824688 50537.816512 25930.446830 4988.555084 12640.766960 
155710.860000 42221.387672 51155.388304 26979.053420 4999.802726 12883.225280 
142918.500000 40602.731300 49009.084000 25789.156250 5029.516550 12783.911000 
149803.560000 41910.644240 48313.262464 25812.009320 5038.878008 13147.888640 
123770.700000 40612.940540 48521.278060 25751.155250 5038.497650 12735.866900 
117496.740000 40299.926732 48291.533728 25680.705530 4999.610864 12607.367360 
154407.180000 41671.102184 49483.996720 25752.384320 5257.121798 12828.853040 
135544.560000 41360.378624 49577.515144 26223.673040 5102.733476 12959.604440 
141981.480000 40785.044480 49467.491008 26310.181760 5130.850592 12788.389760 
150944.280000 41898.015584 50583.688288 26488.274480 5090.463488 13190.301920 
137051.940000 41473.519856 49704.618688 26063.636360 5014.485218 12729.892100 
129596.520000 40788.949328 48308.995600 25784.476880 4992.472496 12630.430400 
141411.120000 40702.794272 49432.525432 25953.239480 5066.676884 12642.735680 
126215.100000 40858.285220 48445.323100 26005.984550 5004.299090 12680.015000 
136155.660000 40778.546336 48460.944364 25898.602310 5142.040706 12725.957000 
134322.360000 40735.642688 48472.941184 25788.534560 5060.553824 12754.568960 
137296.380000 40410.089648 49027.513984 25970.917100 5036.474990 12840.829160 
141003.720000 41353.244576 48328.035136 25938.579680 5143.848248 12919.111520 
117700.440000 40266.126944 48448.152736 25679.664080 4997.904608 12600.366080 
127029.900000 40778.263160 48325.579000 25737.473300 4992.360500 12677.698400 
149599.860000 41960.960144 48578.817976 25819.083230 5000.323232 12804.921860 
124259.580000 40643.463932 48779.022940 25871.678840 5002.741244 12695.326400 
135422.340000 40347.137636 49424.410024 26056.274660 5020.302890 12751.298420 
136603.800000 40585.628960 49386.169600 25911.308000 5110.840640 12848.612000 
138477.840000 40530.990896 48463.959256 26106.769880 5041.344368 12881.467160 
150373.920000 40302.169784 50295.507640 26465.346680 5204.864648 13184.631320 
142144.440000 40966.237376 50103.958912 26155.659200 5027.143520 12810.092480 
116437.500000 40240.936700 48336.335800 25685.210000 4994.670800 12594.351500 
119696.700000 40367.099060 48555.326320 25700.076500 4989.060290 12596.582300 
120063.360000 40239.945584 48294.581488 25800.189260 4999.372184 12627.458600 
133059.420000 41221.642256 49365.913948 26003.365820 5064.451346 12833.212460 
155344.200000 41229.283040 49562.640880 26446.565600 5065.069160 13091.504000 
133752.000000 40520.573000 48617.805400 26339.733500 5084.390000 12714.413000 
143366.640000 41076.164312 50039.651176 26321.442140 4993.877648 12934.266920 
153470.160000 41723.956736 49011.396712 26896.510160 5053.449116 13309.691840 
135789.000000 40753.448000 49358.680000 26169.365000 5052.413000 12702.440000 
119737.440000 40440.553424 48510.093976 25713.651920 4995.071048 12616.682120 
122507.760000 40341.173552 48392.701432 25788.903440 5007.221084 12641.016560 
123159.600000 40489.423640 48304.573360 25832.936900 5037.419000 12625.383800 
128740.980000 40867.247492 48946.434604 25665.398600 5036.029760 12799.464980 
133100.160000 40587.944048 48602.010832 25729.526480 5120.139980 12787.403840 
134729.760000 41006.175128 49458.538960 26294.103680 5061.682352 12715.662560 
137377.860000 40772.361176 49453.856764 25665.284120 5093.722694 12916.609280 
130085.400000 41088.191840 49059.640960 25938.910400 5046.274640 12801.531200 
154325.700000 42189.920360 49076.284120 25866.064550 5102.261930 12837.286400 
128455.800000 40254.462080 48588.015040 26159.729600 5057.621120 12821.873600 
126989.160000 40581.535328 48640.257232 25714.605920 5028.323456 12722.570240 
126011.400000 40768.401680 48917.710960 25801.757000 5008.208240 12690.022400 
141859.260000 40666.289408 50084.527948 26417.581490 5043.209132 12737.853560 
122833.680000 40432.112792 48310.734616 25840.781960 4995.629804 12677.428520 
141940.740000 41607.245996 49551.262576 26375.422640 5035.012616 13015.058540 
116274.540000 40222.761272 48296.992804 25660.409180 4991.842748 12601.856660 
125318.820000 40507.427672 48876.210628 26029.778900 5060.350334 12672.482540 
118148.580000 40364.433728 48480.793648 25678.649660 4991.157308 12591.807920 
117456.000000 40311.047600 48396.842800 25674.080000 4991.610800 12611.726000 
143081.460000 40873.281128 49419.157120 26534.882150 5145.908240 13039.295480 
133222.380000 40299.695720 48706.064944 25973.926970 5060.076158 12740.727860 
141492.600000 40906.263680 48571.760320 25869.713600 5104.328960 12728.273600 
155099.760000 40610.881304 49071.694552 26633.753120 5003.498288 12836.188160 
