
 С-ка/С-бец  Т а б л и ц а  исходных  д а н н ы х :
            1        2        3        4  
     1    1.160    0.400    1.000    1.000
     2    1.160    0.400    0.909    1.000
     3    1.740    0.092    0.909    1.000
     4    1.740    0.092    0.909    1.000
     5    1.850    0.045    0.909    1.000
     6    1.850    0.045    0.909    1.000
     7    1.850    0.042    0.909    1.000
     8    1.850    0.042    1.111    1.000
     9    2.000    0.526    1.111    2.000
    10    2.000    0.526    1.111    2.000
    11    2.040    0.075    1.111    2.000
    12    2.040    0.075    1.111    2.000
    13    2.180    0.081    1.111    2.000
    14    2.180    0.081    1.000    2.000
    15    2.740    0.075    1.000    2.000
    16    2.740    0.075    1.111    2.000
    17    2.790    0.086    1.111    3.000
    18    2.790    0.086    1.000    3.000
    19    3.340    0.400    0.909    2.000
    20    3.340    0.400    0.909    2.000
    21    3.340    0.400    0.909    2.000
    22    3.340    0.400    0.909    2.000
    23    3.470    0.045    1.000    1.000
    24    3.480    0.086    1.000    3.000
    25    3.480    0.086    1.000    3.000
    26    3.600    0.526    1.000    3.000
    27    3.600    0.526    1.000    3.000
    28    3.700    0.400    0.909    2.000
    29    3.700    0.400    0.909    2.000
    30    3.700    0.045    0.909    2.000
    31    3.700    0.045    0.909    2.000
    32    3.700    0.043    0.909    2.000
    33    3.700    0.043    1.000    2.000
    34    3.840    0.127    1.000    2.000
    35    4.100    0.092    0.909    1.000
    36    4.380    0.833    0.909    2.000
    37    4.600    0.400    0.909    1.000
    38    5.780    0.400    0.909    1.000
    39    5.850    0.045    0.909    3.000
    40    5.850    0.045    1.000    3.000
    41    6.240    0.047    1.000    6.000
    42    6.550    0.041    0.909    1.000
    43    6.680    0.045    0.909    4.000
    44    6.680    0.045    0.909    4.000
    45    6.900    0.075    0.909    3.000
    46    6.900    0.075    1.000    3.000
    47    7.200    0.086    1.000    6.000
    48    7.200    0.086    0.909    6.000
    49    8.350    0.045    0.909    5.000
    50    8.350    0.045    0.909    5.000

 С-ка/С-бец  Т а б л и ц а  исходных  д а н н ы х :
            1        2        3        4  
    51    9.390    0.095    0.323    3.000
    52   10.480    0.147    0.435    2.000
    53   10.640    0.400    0.476    1.000
    54   10.700    0.526    0.556    2.000
    55   11.500    0.075    0.500    2.000
    56   11.560    0.042    0.169    2.000
    57   12.500    0.400    0.169    2.000
    58   12.700    0.081    1.000   10.000
    59   13.100    0.045    1.000    2.000
    60   13.500    0.833    1.000    9.000
    61   13.500    0.833    0.500    9.000
    62   13.660    0.833    0.500    2.000
    63   14.800    0.083    0.909    8.000
    64   14.800    0.083    0.909    8.000
    65   15.030    0.095    0.909    9.000
    66   15.030    0.095    0.909    9.000
    67   15.030    0.045    0.909    9.000
    68   15.650    0.833    0.500    5.000
    69   15.660    0.044    0.909    3.000
    70   16.190    0.042    0.345    1.000
    71   16.400    0.081    1.111    2.000
    72   16.800    0.094    1.111   15.000
    73   16.800    0.094    0.345   15.000
    74   17.300    0.075    0.333    2.000
    75   17.350    0.400    0.333    1.000
    76   17.350    0.086    0.909    1.000
    77   17.510    0.092    0.909    8.000
    78   18.250    0.045    0.500    5.000
    79   18.300    0.041    0.909    3.000
    80   18.500    0.041    0.909   10.000
    81   18.920    0.238    0.323    1.000
    82   19.140    0.833    0.313    2.000
    83   19.140    0.833    0.435    2.000
    84   19.200    0.400    0.435    2.000
    85   19.280    0.081    0.323    1.000
    86   20.100    0.075    0.313    2.000
    87   20.500    0.092    1.000    5.000
    88   20.800    0.094    1.000   20.000
    89   20.820    0.086    0.455    3.000
    90   20.880    0.045    0.556    2.000
    91   21.400    0.041    0.417    4.000
    92   22.560    0.400    0.526    4.000
    93   23.000    0.075    0.400    2.000
    94   23.000    0.075    0.500    2.000
    95   23.120    0.043    0.455    4.000
    96   23.140    0.526    0.556    2.000
    97   23.150    0.400    0.313    5.000
    98   23.460    0.092    0.476    2.000
    99   24.080    0.833    0.313    4.000
   100   24.300    0.400    0.294    3.000

 С-ка/С-бец  Т а б л и ц а  исходных  д а н н ы х :
            1        2        3        4  
   101   24.740    0.238    0.476    1.000
   102   25.450    0.086    0.313    5.000
   103   26.500    0.075    0.476    2.000
   104   26.810    0.045    0.909    7.000
   105   27.300    0.070    0.909   14.000
   106   27.300    0.070    0.476   14.000
   107   28.750    0.159    0.500    5.000
   108   28.800    0.075    0.417    2.000
   109   28.900    0.045    0.323    5.000
   110   29.240    0.400    0.278    4.000
   111   29.240    0.400    0.278    2.000
   112   29.240    0.400    0.303    2.000
   113   29.690    0.238    0.476    1.000
   114   31.320    0.400    0.500    6.000
   115   31.320    0.179    0.500    6.000
   116   31.320    0.095    0.455    6.000
   117   31.550    0.089    0.435    1.000
   118   31.920    0.526    0.476    3.000
   119   32.200    0.833    0.278    7.000
   120   32.380    0.400    0.278    2.000
   121   32.380    0.045    0.278    2.000
   122   32.380    0.043    0.556    2.000
   123   33.180    0.238    0.294    1.000
   124   33.410    0.043    0.556    1.000
   125   34.000    0.526    0.303    2.000
   126   34.000    0.045    0.500    2.000
   127   34.710    0.400    0.476    3.000
   128   36.550    0.095    0.313    5.000
   129   36.550    0.095    0.476    5.000
   130   36.800    0.400    0.313    8.000
   131   38.400    0.400    0.435    4.000
   132   38.400    0.400    0.556    4.000
   133   38.800    0.526    0.278    8.000
   134   40.300    0.075    0.333    2.000
   135   41.000    0.119    0.244   10.000
   136   41.040    0.084    0.244    3.000
   137   41.040    0.084    0.294    3.000
   138   41.640    0.400    0.294    2.000
   139   41.640    0.086    0.286    2.000
   140   41.640    0.400    0.526    2.000
   141   41.750    0.400    0.556    5.000
   142   41.920    0.127    0.556    8.000
   143   42.070    0.089    0.476    1.000
   144   42.250    0.127    0.333    5.000
   145   43.100    0.075    0.455    2.000
   146   43.800    0.119    0.909   20.000
   147   43.800    0.119    0.909   20.000
   148   43.800    0.119    0.909   20.000
   149   43.800    0.119    0.303   20.000
   150   43.860    0.095    0.303    3.000

 С-ка/С-бец  Т а б л и ц а  исходных  д а н н ы х :
            1        2        3        4  
   151   43.860    0.047    0.278    3.000
   152   43.860    0.047    0.455    3.000
   153   43.920    0.179    0.400    4.000
   154   44.800    0.526    0.400    4.000
   155   47.850    0.084    0.500   15.000
   156   48.000    0.127    0.333    5.000
   157   48.530    0.045    0.303   14.000
   158   48.570    0.526    0.303    3.000
   159   48.570    0.400    0.455    3.000
   160   50.100    0.526    0.909   30.000
   161   50.100    0.526    0.526   30.000
   162   50.900    0.400    0.278   10.000
   163   51.150    0.045    0.303    3.000
   164   51.700    0.833    0.294    2.000
   165   51.800    0.075    0.286    2.000
   166   52.400    0.400    0.500    1.000
   167   54.750    0.526    0.500    3.000
   168   54.900    0.041    0.333    9.000
   169   57.060    0.092    0.526    3.000
   170   57.580    0.127    0.270    2.000


                        П р е д в а р и т е л ь н а я
                                  статистика
┌────────┬─────────────┬───────────────┬──────────────┬──────────┬────────────┐
│ # ряда │ мат.ожидания│  ст.отклонения│  Коэф.в-ции  │  минимум │   максимум │
├────────┼─────────────┼───────────────┼──────────────┼──────────┼────────────┤
│     1  │      22.5158│        16.3067│        11.81 │     1.160│     57.580 │
│     2  │       0.2226│         0.2241│         0.23 │     0.041│      0.833 │
│     3  │       0.6388│         0.2952│         0.14 │     0.169│      1.111 │
│     4  │       4.5294│         4.9699│         5.45 │     1.000│     30.000 │
└────────┴─────────────┴───────────────┴──────────────┴──────────┴────────────┘
           ┌────────────────────────────────────────────────────┐
           │ ██ - Эмпирическая частота масштабированной выборки.│
           │ ▒▒ - Нормальная (Гауссовская) частота.   ░░ -  Фон.│
           └────────────────────────────────────────────────────┘


                   Ч А С Т О Т Н А Я  ДИАГРАММА,  выбока No 1 

100%▀░░░░░░░░░░░░░░░░░░░░░░░░░░░░░░░░░░░░░░░░░░░░░░░░░░░░░░░░░░░░░░░░░▀100%
 90%▀░░░░░░░░░░░░░░░░░░░░░░░░░░░░░░░░░░░░░░░░░░░░░░░░░░░░░░░░░░░░░░░░░▀ 90%
 80%▀░░░░░░░░░░░░░░░░░░░░░░░░░░░░░░░░░░░░░░░░░░░░░░░░░░░░░░░░░░░░░░░░░▀ 80%
 70%▀░░░░░░░░░░░░░░░░░░░░░░░░░░░░░░░░░░░░░░░░░░░░░░░░░░░░░░░░░░░░░░░░░▀ 70%
 60%▀░░░░░░░░░░░░░░░░░░░░░░░░░░░░░░░░░░░░░░░░░░░░░░░░░░░░░░░░░░░░░░░░░▀ 60%
 50%▀░░░░░░░░░░░░░░░░░░░░░░░░░░░░░░▒▒▒▒▒░░░░░░░░░░░░░░░░░░░░░░░░░░░░░░▀ 50%
 40%▀░░░░░░░░░░░░░░░░░░░░░░░░░░░░▒▒▒▒▒▒▒▒▒░░░░░░░░░░░░░░░░░░░░░░░░░░░░▀ 40%
 30%▀░░░░░░░░░░░░░░░░░░░░░░░░░░░▒▒▒▒▒▒▒▒▒▒▒░░░░░░░░░░░░░░░░░░░░░░░░░░░▀ 30%
 20%▀░░░░░░░░░░░░░██████░░░░░▒▒▒▒▒▒▒▒▒▒▒▒▒▒▒▒▒░░░░░░░░░░░░░░░░░░░░░░░░▀ 20%
 10%▀░░░░░░▒▒▒▒▒▒▒███████████████████████████████████████████████████░▀ 10%
       ║  ║  ║  ║  ║  ║  ║  ║  ║  ║  ║  ║  ║  ║  ║  ║  ║  ║  ║  ║  ║ 
      min       <────       -     Медиана     +       ────>       max



                   Ч А С Т О Т Н А Я  ДИАГРАММА,  выбока No 2 

100%▀░░░░░░░░░░░░░░░░░░░░░░░░░░░░░░░░░░░░░░░░░░░░░░░░░░░░░░░░░░░░░░░░░▀100%
 90%▀░░░░░░░░░░░░░░░░░░░░░░░░░░░░░░░░░░░░░░░░░░░░░░░░░░░░░░░░░░░░░░░░░▀ 90%
 80%▀░░░░░░░░░░░░░░░░░░░░░░░░░░░░░░░░░░░░░░░░░░░░░░░░░░░░░░░░░░░░░░░░░▀ 80%
 70%▀░░░░░░░░░░░░░░░░░░░░░░░░░░░░░░░░░░░░░░░░░░░░░░░░░░░░░░░░░░░░░░░░░▀ 70%
 60%▀░░░░░░░░░░░░░░░░░░░░░░░░░░░░░░░░░░░░░░░░░░░░░░░░░░░░░░░░░░░░░░░░░▀ 60%
 50%▀░░░░░░░░░░░░░░░░░░░░░░░░░░░░░░▒▒▒▒▒░░░░░░░░░░░░░░░░░░░░░░░░░░░░░░▀ 50%
 40%▀░░░░░░░░░░░░░░░░░░░░░░███░░░▒▒▒▒▒▒▒▒▒░░░░░░░░░░░░░░░░░░░░░░░░░░░░▀ 40%
 30%▀░░░░░░░░░░░░░░░░░░░░░░███░░▒▒▒▒▒▒▒▒▒▒▒░░░░░░░░░░░░░░░░░░░░░░░░░░░▀ 30%
 20%▀░░░░░░░░░░░░░░░░░░░░░░██████▒▒▒▒▒▒▒▒▒▒▒▒▒░░███░░░░░░░░░░░░░░░░░░░▀ 20%
 10%▀░░░░░░▒▒▒▒▒▒▒▒▒▒▒▒▒██████████████████▒▒▒▒▒▒███▒▒▒▒▒▒███▒▒▒▒░░░░░░▀ 10%
       ║  ║  ║  ║  ║  ║  ║  ║  ║  ║  ║  ║  ║  ║  ║  ║  ║  ║  ║  ║  ║ 
      min       <────       -     Медиана     +       ────>       max



                   Ч А С Т О Т Н А Я  ДИАГРАММА,  выбока No 3 

100%▀░░░░░░░░░░░░░░░░░░░░░░░░░░░░░░░░░░░░░░░░░░░░░░░░░░░░░░░░░░░░░░░░░▀100%
 90%▀░░░░░░░░░░░░░░░░░░░░░░░░░░░░░░░░░░░░░░░░░░░░░░░░░░░░░░░░░░░░░░░░░▀ 90%
 80%▀░░░░░░░░░░░░░░░░░░░░░░░░░░░░░░░░░░░░░░░░░░░░░░░░░░░░░░░░░░░░░░░░░▀ 80%
 70%▀░░░░░░░░░░░░░░░░░░░░░░░░░░░░░░░░░░░░░░░░░░░░░░░░░░░░░░░░░░░░░░░░░▀ 70%
 60%▀░░░░░░░░░░░░░░░░░░░░░░░░░░░░░░░░░░░░░░░░░░░░░░░░░░░░░░░░░░░░░░░░░▀ 60%
 50%▀░░░░░░░░░░░░░░░░░░░░░░░░░░░░░░▒▒▒▒▒░░░░░░░░░░░░░░░░░░░░░░░░░░░░░░▀ 50%
 40%▀░░░░░░░░░░░░░░░░░░░░░░░░░░░░▒▒▒▒▒▒▒▒▒░░░░░░░░░░░░░░░░░░░░░░░░░░░░▀ 40%
 30%▀░░░░░░░░░░░░░░░░░░░░░░░░░░░▒▒▒▒▒▒▒▒▒▒▒░░░░░░░░███░░░░░░░░░░░░░░░░▀ 30%
 20%▀░░░░░░░░░░░░░░░░███░░░░░▒███▒▒▒▒▒▒▒▒▒▒▒▒▒░░░░░███░░░███░░░░░░░░░░▀ 20%
 10%▀░░░░░░▒▒▒▒█████████████████████▒▒▒▒▒▒▒▒▒▒▒▒▒▒▒███▒▒▒███▒▒▒███░░░░▀ 10%
       ║  ║  ║  ║  ║  ║  ║  ║  ║  ║  ║  ║  ║  ║  ║  ║  ║  ║  ║  ║  ║ 
      min       <────       -     Медиана     +       ────>       max



                   Ч А С Т О Т Н А Я  ДИАГРАММА,  выбока No 4 

100%▀░░░░░░░░░░░░░░░░░░░░░░░░░░░░░░░░░░░░░░░░░░░░░░░░░░░░░░░░░░░░░░░░░▀100%
 90%▀░░░░░░░░░░░░░░░░░░░░░░░░░░░░░░░░░░░░░░░░░░░░░░░░░░░░░░░░░░░░░░░░░▀ 90%
 80%▀░░░░░░░░░░░░░░░░░░░░░░░░░░░░░░░░░░░░░░░░░░░░░░░░░░░░░░░░░░░░░░░░░▀ 80%
 70%▀░░░░░░░░░░░░░░░░░░░░░░░░░░░░░░░░░░░░░░░░░░░░░░░░░░░░░░░░░░░░░░░░░▀ 70%
 60%▀░░░░░░░░░░░░░░░░░░░░░░░░░░░░░░░░░░░░░░░░░░░░░░░░░░░░░░░░░░░░░░░░░▀ 60%
 50%▀░░░░░░░░░░░░░░░░░░░░░░░░░░░░░░▒▒▒▒▒░░░░░░░░░░░░░░░░░░░░░░░░░░░░░░▀ 50%
 40%▀░░░░░░░░░░░░░░░░░░░░░░░░░███▒▒▒▒▒▒▒▒▒░░░░░░░░░░░░░░░░░░░░░░░░░░░░▀ 40%
 30%▀░░░░░░░░░░░░░░░░░░░░░░░░░███▒▒▒▒▒▒▒▒▒▒░░░░░░░░░░░░░░░░░░░░░░░░░░░▀ 30%
 20%▀░░░░░░░░░░░░░░░░░░░░░░█████████▒▒▒▒▒▒▒▒▒▒░░░░░░░░░░░░░░░░░░░░░░░░▀ 20%
 10%▀░░░░░░▒▒▒▒▒▒▒▒▒▒▒▒▒▒▒▒██████████████████████████████▒▒▒▒▒▒▒░░███░▀ 10%
       ║  ║  ║  ║  ║  ║  ║  ║  ║  ║  ║  ║  ║  ║  ║  ║  ║  ║  ║  ║  ║ 
      min       <────       -     Медиана     +       ────>       max

           ┌────────────────────────────────────────────────────┐
           │ ██ - Эмпирическая частота масштабированной выборки.│
           │ ▒▒ - Нормальная (Гауссовская) частота.   ░░ -  Фон.│
           └────────────────────────────────────────────────────┘


               К о р р е л я ц и о н н а я    М А Т Р И Ц А
        1      2      3      4      5      6      7      8      9     10  
  1  1.0000
  2  0.0791 1.0000
  3 -0.6830-0.1948 1.0000
  4  0.3358-0.0043 0.0567 1.0000
     ┌───────────────────────────────────────────╖ 
     │   П о ш а г о в а я   р е г р е с с и я   ║ 
     │ Bыборочные значения отклика в столбце No 1║ 
     ╘═══════════════════════════════════════════╝ 

                      Ш а г  No  1  
┌───────┬───────────────┬────────────────┬─────────────╖ 
│ # ряда│ Коэф.рег.масш.│ Коэфф.регp.нат.│ Значимость-t║ 
├───────┼───────────────┼────────────────┼─────────────╢ 
│Св.член│     ───       │       43.13856 │      0.0000 ║ 
│    2  │    -0.05871   │       -4.27230 │     -1.1888 ║ 
│    3  │    -0.71582   │      -39.54378 │    -14.4714 ║ 
│    4  │     0.37611   │        1.23404 │      7.7521 ║ 
╘═══════╧═══════════════╧════════════════╧═════════════╝ 
┌───────────────── Оценки  уравнения ────┬─────────────┐ 
│ Дисперсия остаточная (масштабированная)│    0.40122  │ 
│ Дисперсия остаточная (натуральная)     │  106.06069  │ 
│ F1 - отношение Фишера                  │    2.50713  │ 
│ Коеффициент множественной детерминации │    0.60114  │ 
└────────────────────────────────────────┴─────────────┘ 
 С целью оптимизации из  м о д е л и  на следующем шаге как незначимый 
 по Стьюденту может быть выведен аргумент,реализованный в столбце No  2


    П Р О Г Н О З  по  полученной  модели
    Ном.      Отклик        Пpогноз      Отклон-ние  1-3 сигмовые зоны
      1         1.1600         3.1199        -1.9599      
      2         1.1600         6.7148        -5.5548      
      3         1.7400         8.0317        -6.2917      
      4         1.7400         8.0317        -6.2917      
      5         1.8500         8.2330        -6.3830      
      6         1.8500         8.2330        -6.3830      
      7         1.8500         8.2427        -6.3927      
      8         1.8500         0.2540         1.5960      
      9         2.0000        -0.5795         2.5795      
     10         2.0000        -0.5795         2.5795      
     11         2.0400         1.3503         0.6897      
     12         2.0400         1.3503         0.6897      
     13         2.1800         1.3218         0.8582      
     14         2.1800         5.7155        -3.5355      
     15         2.7400         5.7440        -3.0040      
     16         2.7400         1.3503         1.3897      
     17         2.7900         2.5348         0.2552      
     18         2.7900         6.9286        -4.1386      
     19         3.3400         7.9488        -4.6088      
     20         3.3400         7.9488        -4.6088      
     21         3.3400         7.9488        -4.6088      
     22         3.3400         7.9488        -4.6088      
     23         3.4700         4.6381        -1.1681      
     24         3.4800         6.9286        -3.4486      
     25         3.4800         6.9286        -3.4486      
     26         3.6000         5.0483        -1.4483      
     27         3.6000         5.0483        -1.4483      
     28         3.7000         7.9488        -4.2488      
     29         3.7000         7.9488        -4.2488      
     30         3.7000         9.4670        -5.7670      
     31         3.7000         9.4670        -5.7670      
     32         3.7000         9.4759        -5.7759      
     33         3.7000         5.8811        -2.1811      
     34         3.8400         5.5221        -1.6821      
     35         4.1000         8.0317        -3.9318      
     36         4.3800         6.0975        -1.7175      
     37         4.6000         6.7148        -2.1148      
     38         5.7800         6.7148        -0.9348      
     39         5.8500        10.7011        -4.8511      
     40         5.8500         7.1062        -1.2562      
     41         6.2400        10.7975        -4.5575      
     42         6.5500         8.2493        -1.6993      
     43         6.6800        11.9351        -5.2551      
     44         6.6800        11.9351        -5.2551      
     45         6.9000        10.5730        -3.6730      
     46         6.9000         6.9781        -0.0781      
     47         7.2000        10.6307        -3.4307      
     48         7.2000        14.2256        -7.0256      
     49         8.3500        13.1691        -4.8191      
     50         8.3500        13.1691        -4.8191      


    П Р О Г Н О З  по  полученной  модели
    Ном.      Отклик        Пpогноз      Отклон-ние  1-3 сигмовые зоны
     51         9.3900        33.6777       -24.2877   *  
     52        10.4800        27.7854       -17.3054   *  
     53        10.6400        23.8333       -13.1933      
     54        10.7000        21.3893       -10.6893      
     55        11.5000        25.5159       -14.0159      
     56        11.5600        38.7240       -27.1640   *  
     57        12.5000        37.1954       -24.6954   *  
     58        12.7000        15.5878        -2.8878      
     59        13.1000         5.8721         7.2279      
     60        13.5000        11.1409         2.3591      
     61        13.5000        30.9128       -17.4128   *  
     62        13.6600        22.2745        -8.6145      
     63        14.8000        16.7089        -1.9089      
     64        14.8000        16.7089        -1.9089      
     65        15.0300        17.8891        -2.8591      
     66        15.0300        17.8891        -2.8591      
     67        15.0300        18.1053        -3.0753      
     68        15.6500        25.9766       -10.3266      
     69        15.6600        10.7052         4.9548      
     70        16.1900        30.5558       -14.3658      
     71        16.4000         1.3218        15.0782      
     72        16.8000        17.3086        -0.5086      
     73        16.8000        47.6103       -30.8103   *  
     74        17.3000        32.1065       -14.8065      
     75        17.3500        29.4824       -12.1324      
     76        17.3500         8.0554         9.2946      
     77        17.5100        16.6700         0.8400      
     78        18.2500        29.3461       -11.0961      
     79        18.3000        10.7145         7.5855      
     80        18.5000        19.3528        -0.8528      
     81        18.9200        30.5993       -11.6793      
     82        19.1400        29.6890       -10.5490      
     83        19.1400        24.8534        -5.7134      
     84        19.2000        26.7048        -7.5048      
     85        19.2800        31.2692       -11.9892      
     86        20.1000        32.9304       -12.8304      
     87        20.5000         9.3730        11.1270      
     88        20.8000        27.8725        -7.0725      
     89        20.8200        28.4979        -7.6779      
     90        20.8800        23.4471        -2.5671      
     91        21.4000        31.4238       -10.0238      
     92        22.5600        25.5533        -2.9933      
     93        23.0000        29.4703        -6.4703      
     94        23.0000        25.5159        -2.5159      
     95        23.1200        29.9185        -6.7985      
     96        23.1400        21.3893         1.7507      
     97        23.1500        35.2424       -12.0924      
     98        23.4600        26.3843        -2.9243      
     99        24.0800        32.1570        -8.0770      
    100        24.3000        33.5012        -9.2012      


    П Р О Г Н О З  по  полученной  модели
    Ном.      Отклик        Пpогноз      Отклон-ние  1-3 сигмовые зоны
    101        24.7400        24.5250         0.2150      
    102        25.4500        36.5830       -11.1330      
    103        26.5000        26.4574         0.0426      
    104        26.8100        15.6372        11.1728      
    105        27.3000        24.1675         3.1325      
    106        27.3000        41.2860       -13.9860      
    107        28.7500        28.8587        -0.1087      
    108        28.8000        28.8112        -0.0112      
    109        28.9000        36.3620        -7.4620      
    110        29.2400        35.3814        -6.1414      
    111        29.2400        32.9133        -3.6733      
    112        29.2400        31.9148        -2.6748      
    113        29.6900        24.5250         5.1650      
    114        31.3200        29.0620         2.2580      
    115        31.3200        30.0080         1.3120      
    116        31.3200        32.1615        -0.8415      
    117        31.5500        26.7982         4.7518      
    118        31.9200        25.7617         6.1583      
    119        32.2000        37.2322        -5.0322      
    120        32.3800        32.9133        -0.5333      
    121        32.3800        34.4315        -2.0515      
    122        32.3800        23.4561         8.9239      
    123        33.1800        31.7249         1.4551      
    124        33.4100        22.2189        11.1911      
    125        34.0000        31.3751         2.6249      
    126        34.0000        25.6440         8.3560      
    127        34.7100        26.3014         8.4086      
    128        36.5500        36.5444         0.0056      
    129        36.5500        30.0715         6.4785      
    130        36.8000        38.9445        -2.1445      
    131        38.4000        29.1728         9.2272      
    132        38.4000        24.3970        14.0030      
    133        38.8000        39.7779        -0.9779      
    134        40.3000        32.1065         8.1935      
    135        41.0000        45.3255        -4.3255      
    136        41.0400        36.8368         4.2032      
    137        41.0400        34.8511         6.1889      
    138        41.6400        32.2672         9.3728      
    139        41.6400        33.9401         7.6999      
    140        41.6400        23.0852        18.5548   *  
    141        41.7500        25.6311        16.1189      
    142        41.9200        30.5013        11.4187      
    143        42.0700        25.1608        16.9092   *  
    144        42.2500        35.5867         6.6633      
    145        43.1000        27.3134        15.7866      
    146        43.8000        31.3618        12.4382      
    147        43.8000        31.3618        12.4382      
    148        43.8000        31.3618        12.4382      
    149        43.8000        55.3278       -11.5278      
    150        43.8600        34.4508         9.4092      


    П Р О Г Н О З  по  полученной  модели
    Ном.      Отклик        Пpогноз      Отклон-ние  1-3 сигмовые зоны
    151        43.8600        35.6548         8.2052      
    152        43.8600        28.6647        15.1953      
    153        43.9200        31.4943        12.4257      
    154        44.8000        30.0086        14.7914      
    155        47.8500        41.5182         6.3318      
    156        48.0000        35.5867        12.4133      
    157        48.5300        48.2414         0.2886      
    158        48.5700        32.6091        15.9609      
    159        48.5700        27.1573        21.4127   *  
    160        50.1000        41.9623         8.1377      
    161        50.1000        57.0986        -6.9986      
    162        50.9000        42.7856         8.1144      
    163        51.1500        34.6670        16.4830   *  
    164        51.7000        30.4159        21.2841   *  
    165        51.8000        33.9896        17.8104   *  
    166        52.4000        22.8918        29.5082   *  
    167        54.7500        24.8202        29.9298   *  
    168        54.9000        40.8893        14.0107      
    169        57.0600        25.6362        31.4238   *  
    170        57.5800        34.3783        23.2017   *  

                      Ш а г  No  2  
┌───────┬───────────────┬────────────────┬─────────────╖ 
│ # ряда│ Коэф.рег.масш.│ Коэфф.регp.нат.│ Значимость-t║ 
├───────┼───────────────┼────────────────┼─────────────╢ 
│Св.член│     ───       │       41.78890 │      0.0000 ║ 
│    3  │    -0.70436   │      -38.91071 │    -14.5004 ║ 
│    4  │     0.37571   │        1.23274 │      7.7347 ║ 
╘═══════╧═══════════════╧════════════════╧═════════════╝ 
┌───────────────── Оценки  уравнения ────┬─────────────┐ 
│ Дисперсия остаточная (масштабированная)│    0.40220  │ 
│ Дисперсия остаточная (натуральная)     │  106.31946  │ 
│ F1 - отношение Фишера                  │    2.50103  │ 
│ Коеффициент множественной детерминации │    0.60017  │ 
└────────────────────────────────────────┴─────────────┘ 
 С целью оптимизации из  м о д е л и  на следующем шаге как незначимый 
 по Стьюденту может быть выведен аргумент,реализованный в столбце No  4


    П Р О Г Н О З  по  полученной  модели
    Ном.      Отклик        Пpогноз      Отклон-ние  1-3 сигмовые зоны
      1         1.1600         4.1109        -2.9509      
      2         1.1600         7.6483        -6.4883      
      3         1.7400         7.6483        -5.9083      
      4         1.7400         7.6483        -5.9083      
      5         1.8500         7.6483        -5.7983      
      6         1.8500         7.6483        -5.7983      
      7         1.8500         7.6483        -5.7983      
      8         1.8500        -0.2125         2.0625      
      9         2.0000         1.0203         0.9797      
     10         2.0000         1.0203         0.9797      
     11         2.0400         1.0203         1.0197      
     12         2.0400         1.0203         1.0197      
     13         2.1800         1.0203         1.1597      
     14         2.1800         5.3437        -3.1637      
     15         2.7400         5.3437        -2.6037      
     16         2.7400         1.0203         1.7197      
     17         2.7900         2.2530         0.5370      
     18         2.7900         6.5764        -3.7864      
     19         3.3400         8.8810        -5.5410      
     20         3.3400         8.8810        -5.5410      
     21         3.3400         8.8810        -5.5410      
     22         3.3400         8.8810        -5.5410      
     23         3.4700         4.1109        -0.6409      
     24         3.4800         6.5764        -3.0964      
     25         3.4800         6.5764        -3.0964      
     26         3.6000         6.5764        -2.9764      
     27         3.6000         6.5764        -2.9764      
     28         3.7000         8.8810        -5.1810      
     29         3.7000         8.8810        -5.1810      
     30         3.7000         8.8810        -5.1810      
     31         3.7000         8.8810        -5.1810      
     32         3.7000         8.8810        -5.1810      
     33         3.7000         5.3437        -1.6437      
     34         3.8400         5.3437        -1.5037      
     35         4.1000         7.6483        -3.5483      
     36         4.3800         8.8810        -4.5010      
     37         4.6000         7.6483        -3.0483      
     38         5.7800         7.6483        -1.8683      
     39         5.8500        10.1137        -4.2637      
     40         5.8500         6.5764        -0.7264      
     41         6.2400        10.2746        -4.0346      
     42         6.5500         7.6483        -1.0983      
     43         6.6800        11.3465        -4.6665      
     44         6.6800        11.3465        -4.6665      
     45         6.9000        10.1137        -3.2137      
     46         6.9000         6.5764         0.3236      
     47         7.2000        10.2746        -3.0746      
     48         7.2000        13.8120        -6.6120      
     49         8.3500        12.5792        -4.2292      
     50         8.3500        12.5792        -4.2292      


    П Р О Г Н О З  по  полученной  модели
    Ном.      Отклик        Пpогноз      Отклон-ние  1-3 сигмовые зоны
     51         9.3900        32.9353       -23.5453   *  
     52        10.4800        27.3367       -16.8567   *  
     53        10.6400        24.4927       -13.8527      
     54        10.7000        22.6373       -11.9373      
     55        11.5000        24.7990       -13.2990      
     56        11.5600        37.6593       -26.0993   *  
     57        12.5000        37.6593       -25.1593   *  
     58        12.7000        15.2056        -2.5056      
     59        13.1000         5.3437         7.7563      
     60        13.5000        13.9729        -0.4729      
     61        13.5000        33.4282       -19.9282   *  
     62        13.6600        24.7990       -11.1390      
     63        14.8000        16.2775        -1.4775      
     64        14.8000        16.2775        -1.4775      
     65        15.0300        17.5102        -2.4802      
     66        15.0300        17.5102        -2.4802      
     67        15.0300        17.5102        -2.4802      
     68        15.6500        28.4972       -12.8472      
     69        15.6600        10.1137         5.5463      
     70        16.1900        29.6042       -13.4142      
     71        16.4000         1.0203        15.3797      
     72        16.8000        17.0459        -0.2459      
     73        16.8000        46.8625       -30.0625   *  
     74        17.3000        31.2841       -13.9841      
     75        17.3500        30.0514       -12.7014      
     76        17.3500         7.6483         9.7017      
     77        17.5100        16.2775         1.2325      
     78        18.2500        28.4972       -10.2472      
     79        18.3000        10.1137         8.1863      
     80        18.5000        18.7429        -0.2429      
     81        18.9200        30.4698       -11.5498      
     82        19.1400        32.0948       -12.9548      
     83        19.1400        27.3367        -8.1967      
     84        19.2000        27.3367        -8.1367      
     85        19.2800        30.4698       -11.1898      
     86        20.1000        32.0948       -11.9948      
     87        20.5000         9.0419        11.4581      
     88        20.8000        27.5330        -6.7330      
     89        20.8200        27.8004        -6.9804      
     90        20.8800        22.6373        -1.7573      
     91        21.4000        30.5071        -9.1071      
     92        22.5600        26.2405        -3.6805      
     93        23.0000        28.6901        -5.6901      
     94        23.0000        24.7990        -1.7990      
     95        23.1200        29.0332        -5.9132      
     96        23.1400        22.6373         0.5027      
     97        23.1500        35.7930       -12.6430      
     98        23.4600        25.7255        -2.2655      
     99        24.0800        34.5603       -10.4803      
    100        24.3000        34.0428        -9.7428      


    П Р О Г Н О З  по  полученной  модели
    Ном.      Отклик        Пpогноз      Отклон-ние  1-3 сигмовые зоны
    101        24.7400        24.4927         0.2473      
    102        25.4500        35.7930       -10.3430      
    103        26.5000        25.7255         0.7745      
    104        26.8100        15.0447        11.7653      
    105        27.3000        23.6739         3.6261      
    106        27.3000        40.5184       -13.2184      
    107        28.7500        28.4972         0.2528      
    108        28.8000        28.0416         0.7584      
    109        28.9000        35.4008        -6.5008      
    110        29.2400        35.9113        -6.6713      
    111        29.2400        33.4458        -4.2058      
    112        29.2400        32.4633        -3.2233      
    113        29.6900        24.4927         5.1973      
    114        31.3200        29.7300         1.5900      
    115        31.3200        29.7300         1.5900      
    116        31.3200        31.4987        -0.1787      
    117        31.5500        26.1039         5.4461      
    118        31.9200        26.9582         4.9618      
    119        32.2000        39.6096        -7.4096      
    120        32.3800        33.4458        -1.0658      
    121        32.3800        33.4458        -1.0658      
    122        32.3800        22.6373         9.7427      
    123        33.1800        31.5773         1.6027      
    124        33.4100        21.4046        12.0054      
    125        34.0000        32.4633         1.5367      
    126        34.0000        24.7990         9.2010      
    127        34.7100        26.9582         7.7518      
    128        36.5500        35.7930         0.7570      
    129        36.5500        29.4237         7.1263      
    130        36.8000        39.4912        -2.6912      
    131        38.4000        29.8022         8.5978      
    132        38.4000        25.1028        13.2972      
    133        38.8000        40.8423        -2.0423      
    134        40.3000        31.2841         9.0159      
    135        41.0000        44.6259        -3.6259      
    136        41.0400        35.9967         5.0433      
    137        41.0400        34.0428         6.9972      
    138        41.6400        32.8101         8.8299      
    139        41.6400        33.1370         8.5030      
    140        41.6400        23.7751        17.8649   *  
    141        41.7500        26.3355        15.4145      
    142        41.9200        30.0338        11.8862      
    143        42.0700        24.4927        17.5773   *  
    144        42.2500        34.9824         7.2676      
    145        43.1000        26.5677        16.5323   *  
    146        43.8000        31.0703        12.7297      
    147        43.8000        31.0703        12.7297      
    148        43.8000        31.0703        12.7297      
    149        43.8000        54.6526       -10.8526      
    150        43.8600        33.6960        10.1640      


    П Р О Г Н О З  по  полученной  модели
    Ном.      Отклик        Пpогноз      Отклон-ние  1-3 сигмовые зоны
    151        43.8600        34.6786         9.1814      
    152        43.8600        27.8004        16.0596      
    153        43.9200        31.1556        12.7644      
    154        44.8000        31.1556        13.6444      
    155        47.8500        40.8247         7.0253      
    156        48.0000        34.9824        13.0176      
    157        48.5300        47.2562         1.2738      
    158        48.5700        33.6960        14.8740      
    159        48.5700        27.8004        20.7696   *  
    160        50.1000        43.3978         6.7022      
    161        50.1000        58.2918        -8.1918      
    162        50.9000        43.3078         7.5922      
    163        51.1500        33.6960        17.4540   *  
    164        51.7000        32.8101        18.8899   *  
    165        51.8000        33.1370        18.6630   *  
    166        52.4000        23.5663        28.8337   *  
    167        54.7500        26.0318        28.7182   *  
    168        54.9000        39.9133        14.9867      
    169        57.0600        25.0078        32.0522   *  
    170        57.5800        33.7380        23.8420   *  
        ┌──────────────────────────────────────╖ 
        │ Анализ завершен ! Наилучшей является ║ 
        │ регрессия, полученная на  1 - м шаге ║ 
        ╘══════════════════════════════════════╝ 
