499.179000 142 128 16.0 198 2.8
515.184000 145 129 16.1 199 2.9
566.346000 147 130 16.2 200 2.9
544.124000 147 130 16.2 201 2.9
546.612000 146 129 16.2 201 2.9
421.773000 142 126 16.0 197 2.7
501.216000 147 129 16.1 200 2.8
553.014000 148 130 16.2 202 3.0
422.646000 141 125 16.0 197 2.7
589.971000 148 130 16.2 202 3.0
560.871000 147 129 16.2 201 2.9
352.224000 140 124 15.9 194 2.6
572.220000 148 129 16.2 202 3.0
377.832000 140 124 15.9 194 2.6
584.733000 149 130 16.2 202 3.0
507.909000 146 127 16.1 200 2.9
576.003000 147 130 16.2 202 3.0
513.438000 145 127 16.1 200 2.9
544.866000 146 130 16.1 202 3.0
439.815000 142 125 16.0 196 2.7
473.571000 143 126 16.1 197 2.8
527.801000 147 127 16.2 200 2.9
511.692000 146 128 16.2 200 2.9
408.387000 143 126 15.9 198 2.7
555.633000 148 130 16.2 202 3.0
488.412000 144 128 16.1 198 2.8
493.068000 145 128 16.1 199 2.8
443.889000 144 127 16.0 196 2.7
385.689000 140 124 15.9 194 2.6
492.195000 145 128 16.1 198 2.8
395.292000 141 126 15.9 200 2.8
524.891000 147 129 16.2 201 2.9
345.531000 140 124 15.9 194 2.6
520.817000 148 129 16.2 201 2.9
402.567000 143 126 16.0 196 2.7
527.697000 148 129 16.2 201 3.0
585.024000 149 130 16.3 202 3.0
400.530000 140 125 16.0 195 2.7
461.349000 143 126 16.1 196 2.8
341.748000 139 124 15.8 194 2.6
439.815000 143 125 16.0 197 2.7
503.357000 148 128 16.1 199 2.9
527.219000 147 129 16.2 200 2.9
535.845000 147 130 16.2 201 3.0
585.024000 149 131 16.3 202 3.0
399.075000 138 125 16.0 195 2.7
354.261000 139 124 15.9 196 2.6
517.907000 146 127 16.2 200 2.9
483.174000 145 128 16.1 198 2.8
529.152000 147 130 16.2 201 2.9
593.172000 149 131 16.3 202 3.0
493.941000 145 128 16.1 198 2.8
440.688000 143 126 16.0 197 2.7
525.078000 147 129 16.2 201 2.9
416.535000 142 125 16.0 195 2.7
487.539000 145 128 16.1 198 2.8
474.444000 144 128 16.1 198 2.8
495.687000 145 128 16.1 198 2.8
522.168000 148 129 16.2 201 2.9
355.716000 139 124 15.9 194 2.6
422.355000 143 126 16.0 195 2.7
583.569000 149 128 16.3 202 3.0
402.567000 142 125 16.0 194 2.7
482.301000 144 128 16.1 198 2.8
490.740000 145 128 16.1 198 2.8
504.126000 146 129 16.2 200 2.8
589.098000 149 131 16.3 202 3.0
530.316000 147 130 16.2 201 2.9
346.695000 139 123 15.8 194 2.6
369.975000 139 124 15.8 194 2.6
372.594000 140 125 15.8 195 2.6
465.423000 143 127 16.1 197 2.7
524.600000 147 129 16.2 201 2.9
470.370000 143 128 16.1 197 2.8
539.046000 147 130 16.2 202 2.9
511.214000 146 128 16.2 200 2.9
484.920000 144 128 16.1 198 2.8
370.266000 140 125 15.9 194 2.6
390.054000 141 126 15.9 194 2.7
394.710000 141 126 15.9 195 2.7
434.577000 143 127 16.0 196 2.8
465.714000 144 127 16.1 197 2.8
477.354000 145 127 16.1 197 2.8
496.269000 145 128 16.1 198 2.8
444.180000 142 126 16.0 195 2.7
517.325000 146 128 16.2 200 2.9
432.540000 143 125 16.0 195 2.7
422.064000 143 125 16.0 196 2.7
415.080000 142 126 15.9 196 2.7
528.279000 147 130 16.2 201 2.9
392.382000 140 124 16.0 195 2.7
528.861000 147 130 16.2 201 5.9
345.531000 139 123 15.9 194 2.6
410.133000 141 125 15.9 196 2.7
358.917000 138 124 15.8 194 2.6
353.970000 139 124 15.8 194 2.6
537.009000 148 130 16.2 202 3.0
466.587000 143 127 16.1 197 2.8
525.660000 147 129 16.2 201 2.9
522.854000 147 128 16.2 201 2.9