1377.962600 405 500 265 52 122
1400.369600 408 501 266 53 123
1555.996400 430 507 268 54 128
1538.885600 425 508 270 54 129
1444.368800 408 498 267 52 127
1269.594200 396 471 259 48 118
1380.814400 407 498 265 51 122
1453.331600 428 499 268 52 125
1370.816400 297 465 251 49 119
1505.071400 428 505 271 52 128
1464.331400 415 501 268 50 126
1372.225600 293 468 241 43 112
1480.220000 419 499 269 52 124
1208.076800 405 486 254 51 120
1497.738200 418 502 268 53 125
1390.184600 415 500 265 51 122
1485.516200 421 498 267 52 123
1397.925200 405 499 265 51 123
1441.924400 420 501 269 53 124
1294.853000 403 487 256 49 118
1342.111400 416 496 264 51 122
1558.033400 423 506 272 54 128
1395.480800 417 498 266 51 122
1250.853800 408 487 254 44 119
1456.998200 421 498 268 52 123
1362.888800 415 497 265 51 122
1369.407200 417 498 266 51 122
1300.556600 410 493 262 50 120
1219.076600 403 486 259 46 115
1368.185000 415 498 265 51 122
1232.520800 406 488 257 47 117
1553.959400 427 504 272 54 128
1362.855400 289 477 241 43 112
1548.255800 428 506 273 53 129
1242.705800 409 487 256 47 119
1417.887800 419 499 266 52 124
1498.145600 421 499 268 53 125
1239.854000 407 486 258 49 117
1325.000600 411 496 264 51 122
1357.559200 386 473 243 44 112
1294.853000 403 478 255 50 119
1523.811800 423 506 272 53 129
1557.218600 425 507 273 54 130
1429.295000 421 499 269 52 126
1498.145600 422 500 270 53 127
1237.817000 399 487 257 50 119
1375.077400 385 477 243 42 112
1544.181800 432 507 272 53 129
1355.555600 414 497 264 51 122
1419.924800 419 500 268 52 126
1509.552800 421 502 271 53 128
1370.629400 416 498 265 51 122
1296.075200 408 486 258 49 119
1414.221200 407 502 269 52 126
1262.261000 395 488 255 48 117
1361.666600 414 498 264 51 122
1343.333600 413 496 263 51 122
1373.073800 416 497 265 51 122
1410.147200 417 499 267 52 127
1377.114400 382 471 243 42 113
1270.409000 405 481 253 49 119
1496.108600 419 501 268 52 127
1242.705800 397 487 257 48 118
1354.333400 414 497 264 51 122
1366.148000 416 498 265 51 122
1384.888400 418 499 267 52 122
1503.849200 431 505 270 53 129
1421.554400 421 500 268 52 128
1364.485000 387 473 245 42 112
1397.077000 396 471 243 43 113
1200.743600 398 481 259 48 118
1330.704200 411 496 263 51 122
1553.552000 427 498 273 54 128
1337.630000 410 496 263 51 122
1433.776400 419 499 269 52 126
1534.811600 426 502 271 54 128
1358.000000 414 498 264 51 122
1397.484400 399 479 245 44 114
1225.187600 388 482 257 48 117
1231.706000 287 483 256 47 118
1287.519800 285 485 267 48 119
1331.111600 410 496 264 51 122
1347.407600 414 497 265 51 122
1373.888600 416 498 266 52 124
1300.964000 408 495 261 50 122
1543.367000 421 502 270 53 128
1284.668000 401 483 259 50 119
1270.001600 403 485 260 48 118
1260.224000 399 484 261 49 118
1418.702600 416 499 268 52 127
1228.446800 388 488 253 48 119
1419.517400 419 499 267 52 125
1362.855400 363 479 245 43 115
1253.298200 376 481 253 49 119
1381.595800 358 479 246 42 114
1374.670000 356 480 247 42 115
1430.924600 419 499 269 52 127
1332.333800 411 496 263 51 122
1415.036000 418 498 256 52 124
1551.107600 426 506 271 53 128
