2.86 5.81 8.77 11.72 14.68 17.63
2.450148686 5.266864915 8.083581144 10.90029737 13.7170136 16.53372983
3.039693134 6.052924178 9.066155223 12.07938627 15.09261731 18.10584836
2.617449051 5.489932068 8.362415085 11.2348981 14.10738112 16.97986414
2.303969903 5.07195987 7.839949838 10.60793981 13.37592977 16.14391974
2.176267206 4.901689608 7.62711201 10.35253441 13.07795681 15.80337922
3.113311291 6.151081721 9.188852152 12.22662258 15.26439301 18.30216344
2.503076248 5.337434997 8.171793747 11.0061525 13.84051125 16.67486999
2.86 5.81 7.181678222 11.72 14.68 15.09068516
2.363027595 5.15070346 7.938379325 10.72605519 13.51373106 16.30140692
3.202482443 6.269976591 9.337470738 12.40496489 15.47245903 18.53995318
2.313058673 5.084078231 7.855097789 10.62611735 13.3971369 16.16815646
3.323171759 6.430895678 9.538619598 12.64634352 15.75406744 18.86179136
2.262407966 5.016543955 7.770679944 10.52481593 13.27895192 16.03308791
3.031960287 6.042613715 9.053267144 12.06392057 15.074574 18.08522743
2.403732581 5.204976775 8.006220968 10.80746516 13.60870936 16.40995355
3.204633954 6.272845272 9.34105659 12.40926791 15.47747923 18.54569054
3.433909949 6.578546599 9.723183248 12.8678199 16.01245655 19.1570932
3.717381894 6.956509192 10.19563649 13.43476379 16.67389109 19.91301838
3.582364737 6.776486316 9.970607895 13.16472947 16.35885105 19.55297263
1.927047215 4.569396286 7.211745358 9.854094429 12.4964435 15.13879257
2.832407935 5.776543913 8.720679891 11.66481587 14.60895185 17.55308783
2.907317665 5.876423554 8.845529442 11.81463533 14.78374122 17.75284711
2.231231527 4.974975369 7.718719211 10.46246305 13.2062069 15.94995074
3.412050398 6.54940053 9.686750663 12.8241008 15.96145093 19.09880106
2.187376702 4.916502269 7.645627836 10.3747534 13.10387897 15.83300454
3.343127028 6.457502704 9.57187838 12.68625406 15.80062973 18.91500541
2.769547993 5.692730658 8.615913322 11.53909599 14.46227865 17.38546132
3.351041515 6.468055353 9.585069191 12.70208303 15.81909687 18.93611071
1.965742405 4.620989873 7.276237342 9.93148481 12.58673228 15.24197975
3.694667641 6.926223522 10.1577794 13.38933528 16.62089116 19.85244704
3.344304113 6.459072151 9.573840189 12.68860823 15.80337626 18.9181443
2.890362577 5.85381677 8.817270962 11.78072515 14.74417935 17.70763354
2.942565464 5.923420619 8.904275774 11.88513093 14.86598608 17.84684124
2.77916108 5.705548106 8.631935133 11.55832216 14.48470919 17.41109621
2.690290702 5.58705427 8.483817837 11.3805814 14.27734497 17.17410854
3.476458311 6.635277747 9.794097184 12.95291662 16.11173606 19.27055549
3.806647932 5.81 10.34441322 13.61329586 16.88217851 20.15106115
2.841168945 5.78822526 8.735281575 11.68233789 14.62939421 17.57645052
2.256041606 5.008055475 7.760069343 10.51208321 13.26409708 16.01611095
3.572369586 6.763159448 9.95394931 13.14473917 16.33552903 19.5263189
2.34389376 5.12519168 7.906489601 10.68778752 13.46908544 16.25038336
2.465505401 5.287340535 8.109175668 10.9310108 13.75284594 16.57468107
2.862531491 5.816708655 8.770885819 11.72506298 14.67924015 17.63341731
3.465814031 6.621085375 9.776356719 12.93162806 16.08689941 19.24217075
3.545752867 6.72767049 9.909588112 13.09150573 16.27342336 19.45534098
3.327522606 6.436696809 9.545871011 12.65504521 15.76421941 18.87339362
2.546356494 5.395141993 8.243927491 11.09271299 13.94149849 16.79028399
2.64145306 5.521937413 8.402421766 11.28290612 14.16339047 17.04387483
2.106699783 4.808933044 7.511166305 10.21339957 12.91563283 15.61786609
2.514606535 5.352808713 8.191010892 11.02921307 13.86741525 16.70561743
3.148548659 6.198064879 9.247581099 12.29709732 15.34661354 18.39612976
2.166691483 4.888921977 7.611152472 10.33338297 13.05561346 15.77784395
2.810204213 5.74693895 8.683673688 11.62040843 14.55714316 17.4938779
2.962810024 5.950413366 8.938016707 11.92562005 14.91322339 17.90082673
3.605297687 6.807063583 10.00882948 13.21059537 16.41236127 19.61412717
2.924107944 5.898810592 8.87351324 11.84821589 14.82291854 17.79762118
1.945983928 4.594645237 7.243306547 9.891967856 12.54062917 15.18929047
3.478947091 6.638596122 9.798245152 12.95789418 16.11754321 19.27719224
3.23936047 6.319147293 9.398934117 12.47872094 15.55850776 18.63829459
2.065922877 4.754563837 7.443204796 10.13184575 12.82048671 15.50912767
1.983466839 4.644622452 7.305778065 9.966933679 12.62808929 15.2892449
2.277937691 5.037250255 7.796562818 10.55587538 13.31518795 16.07450051
2.444543215 5.259390954 8.074238692 10.88908643 13.70393417 16.51878191
2.260072124 5.013429499 7.766786873 10.52014425 13.27350162 16.026859
2.30210155 5.069468733 7.836835917 10.6042031 13.37157028 16.13893747
3.277149585 6.369532779 9.461915974 12.55429917 15.64668236 18.73906556
3.556167645 6.74155686 9.926946075 13.11233529 16.29772451 19.48311372
3.252780053 6.33704007 9.421300088 12.50556011 15.58982012 18.67408014
2.434696023 5.246261363 8.057826704 10.86939205 13.68095739 16.49252273
