2.0 116.978 0.990 200.000 0.418 100.000 0.302 40.000 0.109 126.000 0.919 295.000 0.230 35.000 1.480 190.000 0.559
2.0 134.992 0.994 200.000 0.418 100.000 0.302 40.000 0.574 146.000 0.919 245.000 0.100 35.000 1.480 190.000 0.559
2.0 139.004 0.990 200.000 0.418 166.000 0.302 50.000 0.132 150.000 0.918 290.000 0.210 50.000 1.480 225.000 0.451
2.0 138.823 0.992 200.000 0.418 160.000 0.302 50.000 0.161 150.000 0.918 204.000 0.210 50.000 1.480 225.000 0.549
2.0 171.159 0.994 200.000 0.418 150.000 0.302 50.000 0.864 186.000 0.915 173.000 0.100 53.800 1.480 225.000 0.563
2.0 149.495 0.992 200.000 0.418 150.000 0.302 40.000 0.546 162.000 0.915 223.000 0.210 53.800 1.480 225.000 0.577
2.0 148.122 0.991 200.000 0.518 100.000 0.302 100.000 0.356 180.000 0.918 190.000 0.260 53.800 1.480 190.000 0.475
2.0 169.532 0.975 200.000 0.518 160.000 0.302 50.000 0.837 215.500 0.844 230.000 1.490 50.000 1.480 200.000 0.488
2.0 115.342 0.951 200.000 0.518 150.000 0.302 50.000 0.153 149.500 0.844 190.000 2.590 50.000 1.480 200.000 0.500
2.0 137.136 0.984 200.000 0.518 150.000 0.302 50.000 0.207 180.000 0.844 120.000 1.170 50.000 1.480 200.000 0.500
2.0 114.671 0.956 200.000 0.518 150.000 0.302 50.000 0.181 150.000 0.844 250.000 1.700 50.000 1.480 200.000 0.500
2.0 120.388 0.981 200.000 0.418 150.000 0.302 50.000 0.125 140.000 0.844 180.000 0.850 50.000 1.480 200.000 0.500
2.0 173.997 0.990 200.000 0.618 100.000 0.302 40.000 0.549 200.000 0.861 295.000 0.320 35.000 2.380 150.000 0.441
2.0 117.737 0.987 200.000 0.418 89.300 0.302 40.000 0.217 135.000 0.861 205.000 0.320 35.000 2.380 150.000 0.456
2.0 87.545 0.984 200.000 0.418 100.000 0.302 40.000 0.620 100.000 0.861 140.000 0.430 35.000 2.380 150.000 0.441
2.0 105.649 0.978 200.000 0.418 100.000 0.302 40.000 0.145 120.000 0.861 280.000 0.530 35.000 2.380 150.000 0.441
2.0 88.127 0.977 200.000 0.418 100.000 0.302 40.000 0.591 100.000 0.861 160.000 0.740 35.000 2.380 150.000 0.441
2.0 226.511 0.988 200.000 0.518 100.000 0.302 40.000 0.884 160.000 0.861 280.000 0.640 35.000 2.380 150.000 0.441
3.0 66.990 0.961 0.001 0.001 197.000 0.354 0.001 0.001 70.000 0.920 130.000 0.420 76.000 2.690 421.580 2.140
3.0 65.551 0.965 0.001 0.001 187.500 0.344 0.001 0.001 68.000 0.930 127.000 0.210 76.000 2.690 278.672 1.411        
3.0 69.368 0.962 0.001 0.001 200.000 0.360 0.001 0.001 72.000 0.927 138.000 0.420 76.000 2.690 275.000 1.375
3.0 72.859 0.968 0.001 0.001 212.500 0.354 0.001 0.001 75.000 0.940 150.000 0.210 76.000 2.690 275.187 1.295
3.0 72.253 0.970 0.001 0.001 204.500 0.364 0.001 0.001 77.000 0.910 139.000 0.100 76.000 2.690 275.052 1.345
3.0 70.863 0.968 0.001 0.001 102.000 0.402 0.001 0.001 73.000 0.940 142.000 0.140 76.000 2.690 349.440 1.920
3.0 73.012 0.968 0.001 0.001 246.100 0.306 0.001 0.001 76.000 0.930 137.000 0.210 76.000 2.690 353.153 1.435
3.0 76.075 0.965 0.001 0.001 317.200 0.248 0.001 0.001 78.300 0.938 223.000 0.200 79.100 2.760 431.392 1.360
3.0 81.146 0.968 0.001 0.001 316.000 0.265 0.001 0.001 81.300 0.966 194.000 0.220 79.100 2.768 439.240 1.398
3.0 71.376 0.964 0.001 0.001 306.300 0.242 0.001 0.001 71.000 0.969 179.000 0.220 79.100 2.760 429.739 1.403
3.0 69.120 0.962 0.001 0.001 307.300 0.234 0.001 0.001 68.500 0.971 176.500 0.240 79.100 2.768 430.220 1.400
3.0 81.978 0.968 0.001 0.001 309.000 0.274 0.001 0.001 81.600 0.972 192.000 0.250 79.100 2.760 430.622 1.390
3.0 86.281 0.966 0.966 0.001 307.500 0.290 0.001 0.001 85.500 0.975 245.000 0.300 79.100 2.760 436.650 1.420
3.0 77.995 0.964 0.001 0.001 300.000 0.270 0.001 0.001 77.500 0.970 205.500 0.310 79.100 2.760 427.500 1.425
3.0 80.369 0.968 0.001 0.001 298.400 0.278 0.001 0.001 80.000 0.972 185.000 0.230 79.100 2.768 416.268 1.395
3.0 65.167 0.959 0.001 0.001 293.800 0.231 0.001 0.001 64.500 0.969 158.500 0.220 78.300 2.960 410.439 1.397
3.0 76.567 0.964 0.001 0.001 306.000 0.259 0.001 0.001 77.000 0.959 140.000 0.290 78.300 2.960 428.400 1.400
3.0 70.481 0.962 0.001 0.001 303.900 0.241 0.001 0.001 70.000 0.969 208.500 0.160 78.300 2.960 425.460 1.400
3.0 68.098 0.959 0.001 0.001 297.200 0.239 0.001 0.001 67.500 0.968 191.500 0.230 78.300 2.960 481.220 1.350
3.0 80.033 0.964 0.001 0.001 291.300 0.285 0.001 0.001 79.500 0.970 240.000 0.250 78.300 2.960 393.255 1.350
3.0 73.036 0.957 0.001 0.001 208.000 0.367 0.001 0.001 72.000 0.971 260.000 0.310 78.300 2.960 288.800 1.350
3.0 77.411 0.964 0.001 0.001 226.600 0.354 0.001 0.001 77.000 0.969 155.000 0.310 78.300 2.960 305.910 1.350
3.0 64.752 0.955 0.001 0.001 193.000 0.351 0.001 0.001 64.000 0.966 244.000 0.250 78.300 2.960 260.550 1.350
3.0 65.339 0.957 0.001 0.001 199.200 0.343 0.001 0.001 64.500 0.969 208.500 0.250 78.300 2.960 268.920 1.350
1.0 131.681 0.977 208.000 0.365 204.200 0.302 0.001 0.001 137.800 0.934 319.000 0.590 45.400 2.410 327.192 0.809
1.0 156.196 0.990 208.000 0.483 202.500 0.302 0.001 0.001 165.500 0.934 250.000 0.210 45.400 2.410 325.900 0.810
1.0 139.576 0.988 200.000 0.404 200.000 0.302 0.001 0.001 147.700 0.934 265.000 0.200 45.400 2.410 324.000 0.810
1.0 133.330 0.984 200.000 0.386 192.800 0.302 0.001 0.001 150.000 0.874 321.400 0.330 45.400 2.410 318.528 0.811
1.0 122.833 0.988 200.000 0.304 210.000 0.302 0.001 0.001 138.800 0.874 256.200 0.140 45.400 2.410 331.600 0.809
1.0 98.217 0.980 200.000 0.202 197.600 0.302 0.001 0.001 108.000 0.891 290.000 0.290 45.400 2.410 322.176 0.810 
1.0 129.016 0.988 200.000 0.353 198.600 0.302 0.001 0.001 143.000 0.891 243.000 0.180 45.400 2.410 322.936 0.010
1.0 128.904 0.986 200.000 0.348 202.500 0.302 0.001 0.001 140.500 0.904 265.500 0.290 45.400 2.410 325.900 0.010
1.0 71.898 0.975 200.000 0.070 197.500 0.302 0.001 0.001 77.500 0.904 251.000 0.290 45.400 2.410 322.100 0.010
1.0 127.891 0.983 200.000 0.349 199.200 0.302 0.001 0.001 139.000 0.904 251.000 0.440 45.400 2.410 323.392 0.010
1.0 96.791 0.981 200.000 0.046 296.000 0.302 0.001 0.001 105.000 0.904 343.500 0.228 45.400 2.410 396.960 0.800 
1.0 146.942 0.989 200.000 0.418 214.800 0.302 0.001 0.001 157.500 0.923 237.500 0.200 45.400 2.410 335.248 0.808
1.0 137.936 0.986 200.000 0.402 196.700 0.302 0.001 0.001 147.300 0.923 308.500 0.210 57.800 2.300 321.492 0.810
1.0 92.064 0.981 200.000 0.161 203.700 0.302 0.001 0.001 97.800 0.923 332.200 0.140 57.800 2.300 326.812 0.810 
1.0 101.705 0.980 200.000 0.214 201.700 0.302 0.001 0.001 108.500 0.919 270.000 0.250 57.800 2.300 325.392 0.010
1.0 162.541 0.989 200.000 0.528 194.100 0.302 0.001 0.001 175.000 0.919 289.000 0.140 57.800 2.300 319.515 0.811 
1.0 129.263 0.987 200.000 0.353 199.300 0.302 0.001 0.001 141.200 0.904 296.000 0.140 57.800 2.300 323.468 0.810
1.0 112.181 0.980 200.000 0.276 195.700 0.302 0.001 0.001 121.600 0.914 318.900 0.290 57.800 2.300 321.872 0.810
1.0 127.302 0.986 200.000 0.347 197.200 0.302 0.001 0.001 148.000 0.848 335.000 0.140 57.800 2.300 321.872 0.810
1.0 153.714 0.989 200.000 0.462 208.500 0.302 0.001 0.001 179.200 0.848 302.000 0.140 57.800 2.300 330.460 0.908
1.0 125.575 0.985 200.000 0.342 150.300 0.302 0.001 0.001 145.800 0.849 297.000 0.180 57.800 2.300 320.428 0.811
1.0 125.972 0.991 200.000 0.317 210.700 0.302 0.001 0.001 147.200 0.849 276.000 0.140 44.000 1.560 332.132 0.809
1.0 119.378 0.985 200.000 0.315 192.600 0.302 0.001 0.001 130.500 0.981 261.500 0.440 44.000 1.560 318.376 0.811
1.0 76.028 0.985 200.000 0.071 208.500 0.302 0.001 0.001 81.700 0.916 240.000 0.200 44.000 1.560 338.460 0.809 
1.0 241.098 0.994 200.000 0.914 197.500 0.302 0.001 0.001 261.500 0.916 275.500 0.290 44.000 1.560 322.100 0.810
1.0 169.854 0.994 200.000 0.550 201.100 0.302 0.001 0.001 187.500 0.901 204.500 0.140 44.000 1.560 324.836 0.810
1.0 91.033 0.986 200.000 0.139 213.200 0.302 0.001 0.001 96.000 0.935 210.000 0.220 54.800 1.480 334.032 0.808
1.0 115.402 0.988 200.000 0.261 213.300 0.302 0.001 0.001 122.00 0.935 237.000 0.220 54.800 1.400 334.108 0.808
1.0 136.019 0.990 130.000 0.599 197.100 0.302 0.001 0.001 144.000 0.935 284.000 0.200 54.800 1.480 261.596 0.800
1.0 130.322 0.990 200.000 0.539 197.900 0.302 0.001 0.001 139.000 0.928 199.500 0.260 54.800 1.480 322.404 0.810
1.0 231.527 0.994 200.000 0.852 206.500 0.302 0.001 0.001 248.000 0.928 260.000 0.220 54.800 1.480 328.948 0.809
1.0 128.569 0.990 130.000 0.557 190.000 0.302 0.001 0.001 140.000 0.909 249.000 0.200 54.800 1.480 256.200 0.801
1.0 210.449 0.993 200.000 0.743 209.200 0.302 0.001 0.001 230.000 0.909 258.000 0.220 54.800 1.480 330.992 0.809 
1.0 142.296 0.990 200.000 0.412 203.000 0.302 0.001 0.001 155.000 0.909 281.000 0.218 54.800 1.480 326.280 0.810
1.0 132.015 0.986 130.000 0.562 201.000 0.302 0.001 0.001 142.000 0.917 300.000 0.330 54.800 1.480 264.568 0.799
1.0 174.714 0.992 200.000 0.578 200.000 0.302 0.001 0.001 189.000 0.917 268.000 0.220 54.800 1.480 324.000 0.810 
1.0 135.064 0.991 200.000 0.409 180.000 0.302 0.001 0.001 146.000 0.917 285.000 0.130 54.800 1.480 308.800 0.813 
1.0 228.436 0.993 200.000 0.841 205.000 0.302 0.001 0.001 246.500 0.920 291.500 0.290 54.800 1.480 427.800 0.809
1.0 140.453 0.989 185.000 0.473 180.000 0.302 0.001 0.001 151.000 0.920 361.000 0.200 54.800 1.480 295.900 0.811
1.0 109.845 0.987 203.000 0.292 175.000 0.302 0.001 0.001 118.000 0.919 269.000 0.220 54.800 1.480 305.000 0.813 
1.0 268.251 0.994 200.000 0.757 200.000 0.302 0.001 0.001 231.500 0.919 322.500 0.230 54.800 1.480 324.000 0.810 
1.0 132.525 0.991 200.000 0.381 190.000 0.302 0.001 0.001 142.900 0.919 269.100 0.140 56.000 1.470 316.400 0.811
1.0 130.020 0.989 200.000 0.361 196.200 0.302 0.001 0.001 139.300 0.923 239.700 0.260 56.000 1.470 321.112 0.810
1.0 187.580 0.995 200.000 0.561 192.700 0.302 0.001 0.001 202.300 0.923 218.700 0.180 56.000 1.470 318.452 0.811
1.0 92.052 0.983 200.000 0.396 213.000 0.302 0.001 0.001 148.000 0.923 298.000 0.260 56.000 1.470 331.815 0.803
1.0 98.129 0.987 160.000 0.264 189.000 0.302 0.001 0.001 104.000 0.931 219.000 0.220 56.000 1.470 312.854 0.896 
1.0 126.653 0.987 200.000 0.342 198.000 0.302 0.001 0.001 133.500 0.936 336.000 0.260 56.000 1.470 316.908 0.796
1.0 706.622 0.984 130.000 0.169 185.000 0.302 0.001 0.001 81.000 0.931 194.000 0.200 56.000 1.470 285.475 0.906 
1.0 70.222 0.983 130.000 0.103 192.000 0.302 0.001 0.001 76.500 0.902 247.500 0.160 56.000 1.470 327.916 1.018
1.0 134.473 0.989 182.400 0.419 196.800 0.302 0.001 0.001 144.600 0.920 281.000 0.220 56.000 1.478 298.848 0.788
2.0 106.050 0.984 100.000 0.418 100.000 0.302 100.000 0.358 114.000 0.915 219.000 0.210 53.800 2.380 214.500 0.715
2.0 124.173 0.986 100.000 0.418 200.900 0.302 40.000 0.583 132.000 0.928 189.000 0.210 53.800 2.380 323.128 0.948 
2.0 110.435 0.986 100.000 0.418 150.000 0.302 50.000 0.496 117.000 0.931 228.00 0.100 53.800 2.380 279.500 0.932
2.0 139.375 0.988 150.000 0.418 170.000 0.302 50.000 0.548 148.200 0.929 198.300 0.210 53.800 2.380 275.700 0.715
2.0 311.991 0.985 50.000 0.518 183.600 0.382 20.000 0.963 120.000 0.936 186.000 0.218 53.800 2.380 246.223 0.971 
2.0 91.281 0.982 50.000 0.418 162.300 0.302 50.000 0.468 97.400 0.920 187.000 0.210 53.800 2.380 249.685 0.952    
2.0 103.777 0.986 80.000 0.418 165.100 0.302 30.000 0.730 110.600 0.925 192.000 0.100 53.800 2.380 257.266 0.935
2.0 127.503 0.988 150.000 0.418 139.500 0.302 50.000 0.484 137.200 0.918 171.800 0.290 51.200 2.060 280.230 0.825
2.0 115.175 0.987 100.000 0.418 149.200 0.302 70.000 0.426 122.700 0.926 238.000 0.210 51.200 2.060 259.738 0.814
2.0 111.838 0.986 100.000 0.418 110.200 0.302 100.000 0.383 117.600 0.938 226.000 0.210 51.200 2.060 220.911 0.712
2.0 153.460 0.987 200.000 0.418 125.000 0.302 80.000 0.426 165.000 0.918 226.000 0.420 51.000 2.040 243.785 0.602
2.0 101.176 0.981 100.000 0.518 130.500 0.302 20.000 0.592 107.000 0.928 210.000 0.400 51.000 2.040 251.090 1.002
2.0 127.793 0.980 150.000 0.518 139.500 0.332 20.000 0.274 134.000 0.935 266.000 0.550 51.000 2.040 241.637 0.781
2.0 129.353 0.986 150.000 0.418 141.400 0.302 60.000 0.428 141.000 0.905 177.000 0.400 51.000 2.040 292.905 0.834
2.0 148.408 0.987 200.000 0.418 100.000 0.302 100.000 0.366 162.000 0.904 219.000 0.420 51.000 2.040 242.000 0.605
2.0 107.504 0.983 100.000 0.418 120.000 0.302 80.000 0.392 115.200 0.917 233.000 0.370 51.000 2.040 326.000 1.087
2.0 117.119 0.985 100.000 0.418 185.500 0.302 35.000 0.600 125.400 0.920 245.000 0.290 51.000 2.040 291.745 0.910
2.0 106.843 0.984 100.000 0.418 142.500 0.302 50.000 0.473 114.300 0.920 223.000 0.290 51.000 2.040 284.475 0.973
2.0 126.056 0.988 150.000 0.418 135.500 0.302 50.000 0.479 135.800 0.917 168.000 0.290 51.000 2.040 303.030 0.903
2.0 102.071 0.984 100.000 0.518 131.700 0.302 20.000 0.607 107.400 0.935 211.000 0.290 51.000 2.040 246.149 0.978
1.0 101.128 0.982 100.000 0.585 147.200 0.302 0.001 0.001 107.000 0.928 214.000 0.370 51.000 2.040 225.064 0.910
1.0 99.023 0.987 100.000 0.531 156.100 0.302 0.001 0.001 106.500 0.918 200.000 0.110 52.300 1.980 420.490 0.939
2.0 131.884 0.990 130.000 0.418 205.000 0.302 20.000 0.846 142.200 0.918 281.000 0.110 52.300 1.980 316.900 0.893
2.0 106.806 0.988 130.000 0.418 132.500 0.302 30.000 0.457 116.100 0.909 131.000 0.180 52.300 1.980 302.625 1.035
2.0 118.722 0.989 100.000 0.418 192.300 0.302 50.000 0.401 129.200 0.909 244.000 0.100 52.300 1.980 248.033 0.725
2.0 128.326 0.991 130.000 0.418 214.200 0.302 20.000 0.520 139.900 0.909 174.000 0.070 52.300 1.980 326.033 0.895
1.0 133.978 0.991 10.000 0.655 320.200 0.302 0.001 0.001 141.300 0.940 172.000 0.070 52.300 1.980 293.868 0.890
1.0 223.852 0.991 200.000 0.784 228.500 0.302 0.001 0.001 239.300 0.927 224.000 0.440 52.300 1.980 374.370 0.874
2.0 159.119 0.987 150.000 0.418 198.000 0.302 80.000 0.483 168.000 0.935 228.000 0.440 52.300 1.980 289.010 0.675
2.0 142.018 0.988 150.000 0.418 200.000 0.302 80.000 0.258 150.000 0.935 198.000 0.370 53.300 1.980 297.700 0.692
1.0 138.365 0.989 150.000 0.529 200.000 0.302 0.001 0.001 148.000 0.925 195.000 0.220 52.300 1.980 299.500 0.856
2.0 119.429 0.984 130.001 0.418 125.001 0.302  80.001 0.366 123.001 0.955 132.001 0.231 63.401 2.561 172.500 0.515 
2.0 118.110 0.976 260.001 0.418 108.201 0.302 102.501 0.199 127.001 0.908 335.001 0.371 61.201 2.561 214.594 0.456
2.0 112.384 0.979 260.001 0.418  63.701 0.302 112.101 0.117 121.001 0.909 178.001 0.421 62.001 2.561 117.776 0.259
2.0 184.755 0.991 220.001 0.418  98.801 0.302  68.001 0.954 198.001 0.923 171.001 0.001 75.001 2.561 117.068 0.303
2.0 145.863 0.984 200.001 0.418 112.001 0.302  63.501 0.474 157.001 0.909 333.001 0.151 69.201 2.561 166.201 0.443
2.0 179.577 0.991 225.001 0.458  91.501 0.302  47.001 0.266 196.001 0.908 133.001 0.004 63.401 2.561 207.471 0.571
2.0  90.654 0.983 110.001 0.418  89.501 0.302  48.001 0.399  96.501 0.924 126.501 0.009 58.801 2.561 128.481 0.519